
ans =

    2.7400

